camera_matrix:
- - 183.39991049014273
  - 0.0
  - 154.1364088590375
- - 0.0
  - 182.01745780981705
  - 180.2372130537207
- - 0.0
  - 0.0
  - 1.0
dist_coeff:
- - -0.07069100575549744
  - -0.030452444303135238
  - -0.0035035620378233716
  - -0.00020844818847795101
  - 0.011494694752105919
